2
2
000033300000000000000000000000
000033300000000000000000000000
000033300000000000000000000000
000000011100000000000000000000
000000011100000000000000000000
000000011100000000000000000000
000000000000000000000000000000
000000000000000000000000000000
000000000000000000000000000000
000000000000000000000000000000
000000000000000000000000000000
000000000000000000000000000000
000000000000000000000000000000
000000000000000000000000000000
000000000000000000000000000000
000000000000000000000000000000
000000000000000000000000000000
000000000000000000000000000000
000000000000000000000000000000
000000000000000000000000000000
5 8
1 4
000033300000000000000000000000
000433300000000000000000000000
000033300000000000000000000000
000000011100000000000000000000
000000011100000000000000000000
000000011100000000000000000000
000000002000000000000000000000
000000000000000000000000000000
000000000000000000000000000000
000000000000000000000000000000
000000000000000000000000000000
000000000000000000000000000000
000000000000000000000000000000
000000000000000000000000000000
000000000000000000000000000000
000000000000000000000000000000
000000000000000000000000000000
000000000000000000000000000000
000000000000000000000000000000
000000000000000000000000000000
6 8
1 3
000433300000000000000000000000
000433300000000000000000000000
000033300000000000000000000000
000000011100000000000000000000
000000011100000000000000000000
000000011100000000000000000000
000000002000000000000000000000
000000002000000000000000000000
000000000000000000000000000000
000000000000000000000000000000
000000000000000000000000000000
000000000000000000000000000000
000000000000000000000000000000
000000000000000000000000000000
000000000000000000000000000000
000000000000000000000000000000
000000000000000000000000000000
000000000000000000000000000000
000000000000000000000000000000
000000000000000000000000000000
7 8
0 3
000333300000000000000000000000
000333300000000000000000000000
000033300000000000000000000000
000000011100000000000000000000
000000011100000000000000000000
000000011100000000000000000000
000000002000000000000000000000
000000002200000000000000000000
000000000000000000000000000000
000000000000000000000000000000
000000000000000000000000000000
000000000000000000000000000000
000000000000000000000000000000
000000000000000000000000000000
000000000000000000000000000000
000000000000000000000000000000
000000000000000000000000000000
000000000000000000000000000000
000000000000000000000000000000
000000000000000000000000000000
7 9
0 4
000333300000000000000000000000
000333300000000000000000000000
000033300000000000000000000000
000000011100000000000000000000
000000011100000000000000000000
000000011100000000000000000000
000000002000000000000000000000
000000002200000000000000000000
000000000200000000000000000000
000000000000000000000000000000
000000000000000000000000000000
000000000000000000000000000000
000000000000000000000000000000
000000000000000000000000000000
000000000000000000000000000000
000000000000000000000000000000
000000000000000000000000000000
000000000000000000000000000000
000000000000000000000000000000
000000000000000000000000000000
8 9
1 4
000333300000000000000000000000
000333300000000000000000000000
000033300000000000000000000000
000000011100000000000000000000
000000011100000000000000000000
000000011100000000000000000000
000000002000000000000000000000
000000002200000000000000000000
000000002200000000000000000000
000000000000000000000000000000
000000000000000000000000000000
000000000000000000000000000000
000000000000000000000000000000
000000000000000000000000000000
000000000000000000000000000000
000000000000000000000000000000
000000000000000000000000000000
000000000000000000000000000000
000000000000000000000000000000
000000000000000000000000000000
8 8
1 3
000333300000000000000000000000
000333300000000000000000000000
000433300000000000000000000000
000000011100000000000000000000
000000011100000000000000000000
000000011100000000000000000000
000000002000000000000000000000
000000002200000000000000000000
000000022200000000000000000000
000000000000000000000000000000
000000000000000000000000000000
000000000000000000000000000000
000000000000000000000000000000
000000000000000000000000000000
000000000000000000000000000000
000000000000000000000000000000
000000000000000000000000000000
000000000000000000000000000000
000000000000000000000000000000
000000000000000000000000000000
8 7
2 3
000333300000000000000000000000
000333300000000000000000000000
004433300000000000000000000000
000000011100000000000000000000
000000011100000000000000000000
000000011100000000000000000000
000000002000000000000000000000
000000002200000000000000000000
000000222200000000000000000000
000000000000000000000000000000
000000000000000000000000000000
000000000000000000000000000000
000000000000000000000000000000
000000000000000000000000000000
000000000000000000000000000000
000000000000000000000000000000
000000000000000000000000000000
000000000000000000000000000000
000000000000000000000000000000
000000000000000000000000000000
8 6
2 2
000333300000000000000000000000
004333300000000000000000000000
004433300000000000000000000000
000000011100000000000000000000
000000011100000000000000000000
000000011100000000000000000000
000000002000000000000000000000
000000202200000000000000000000
000000222200000000000000000000
000000000000000000000000000000
000000000000000000000000000000
000000000000000000000000000000
000000000000000000000000000000
000000000000000000000000000000
000000000000000000000000000000
000000000000000000000000000000
000000000000000000000000000000
000000000000000000000000000000
000000000000000000000000000000
000000000000000000000000000000
7 6
1 2
004333300000000000000000000000
004333300000000000000000000000
004433300000000000000000000000
000000011100000000000000000000
000000011100000000000000000000
000000011100000000000000000000
000000002000000000000000000000
000002202200000000000000000000
000000222200000000000000000000
000000000000000000000000000000
000000000000000000000000000000
000000000000000000000000000000
000000000000000000000000000000
000000000000000000000000000000
000000000000000000000000000000
000000000000000000000000000000
000000000000000000000000000000
000000000000000000000000000000
000000000000000000000000000000
000000000000000000000000000000
7 5
0 2
003333300000000000000000000000
003333300000000000000000000000
003333300000000000000000000000
000000011100000000000000000000
000000011100000000000000000000
000000011100000000000000000000
000000002000000000000000000000
000022202200000000000000000000
000000222200000000000000000000
000000000000000000000000000000
000000000000000000000000000000
000000000000000000000000000000
000000000000000000000000000000
000000000000000000000000000000
000000000000000000000000000000
000000000000000000000000000000
000000000000000000000000000000
000000000000000000000000000000
000000000000000000000000000000
000000000000000000000000000000
7 4
0 3
003333300000000000000000000000
003333300000000000000000000000
003333300000000000000000000000
000000011100000000000000000000
000000011100000000000000000000
000000011100000000000000000000
000020002000000000000000000000
000022202200000000000000000000
000000222200000000000000000000
000000000000000000000000000000
000000000000000000000000000000
000000000000000000000000000000
000000000000000000000000000000
000000000000000000000000000000
000000000000000000000000000000
000000000000000000000000000000
000000000000000000000000000000
000000000000000000000000000000
000000000000000000000000000000
000000000000000000000000000000
6 4
1 3
003333300000000000000000000000
003333300000000000000000000000
003333300000000000000000000000
000000011100000000000000000000
000000011100000000000000000000
000000011100000000000000000000
000220002000000000000000000000
000022202200000000000000000000
000000222200000000000000000000
000000000000000000000000000000
000000000000000000000000000000
000000000000000000000000000000
000000000000000000000000000000
000000000000000000000000000000
000000000000000000000000000000
000000000000000000000000000000
000000000000000000000000000000
000000000000000000000000000000
000000000000000000000000000000
000000000000000000000000000000
6 3
1 2
003333300000000000000000000000
043333300000000000000000000000
003333300000000000000000000000
000000011100000000000000000000
000000011100000000000000000000
000200011100000000000000000000
000220002000000000000000000000
000022202200000000000000000000
000000222200000000000000000000
000000000000000000000000000000
000000000000000000000000000000
000000000000000000000000000000
000000000000000000000000000000
000000000000000000000000000000
000000000000000000000000000000
000000000000000000000000000000
000000000000000000000000000000
000000000000000000000000000000
000000000000000000000000000000
000000000000000000000000000000
5 3
1 1
043333300000000000000000000000
043333300000000000000000000000
003333300000000000000000000000
000000011100000000000000000000
000000011100000000000000000000
002200011100000000000000000000
000220002000000000000000000000
000022202200000000000000000000
000000222200000000000000000000
000000000000000000000000000000
000000000000000000000000000000
000000000000000000000000000000
000000000000000000000000000000
000000000000000000000000000000
000000000000000000000000000000
000000000000000000000000000000
000000000000000000000000000000
000000000000000000000000000000
000000000000000000000000000000
000000000000000000000000000000
5 2
0 1
033333300000000000000000000000
033333300000000000000000000000
003333300000000000000000000000
000000011100000000000000000000
000000011100000000000000000000
002200011100000000000000000000
002220002000000000000000000000
000022202200000000000000000000
000000222200000000000000000000
000000000000000000000000000000
000000000000000000000000000000
000000000000000000000000000000
000000000000000000000000000000
000000000000000000000000000000
000000000000000000000000000000
000000000000000000000000000000
000000000000000000000000000000
000000000000000000000000000000
000000000000000000000000000000
000000000000000000000000000000
6 2
0 2
033333300000000000000000000000
033333300000000000000000000000
003333300000000000000000000000
000000011100000000000000000000
000000011100000000000000000000
002200011100000000000000000000
022220002000000000000000000000
000022202200000000000000000000
000000222200000000000000000000
000000000000000000000000000000
000000000000000000000000000000
000000000000000000000000000000
000000000000000000000000000000
000000000000000000000000000000
000000000000000000000000000000
000000000000000000000000000000
000000000000000000000000000000
000000000000000000000000000000
000000000000000000000000000000
000000000000000000000000000000
6 1
1 2
033333300000000000000000000000
033333300000000000000000000000
003333300000000000000000000000
000000011100000000000000000000
000000011100000000000000000000
002200011100000000000000000000
222220002000000000000000000000
000022202200000000000000000000
000000222200000000000000000000
000000000000000000000000000000
000000000000000000000000000000
000000000000000000000000000000
000000000000000000000000000000
000000000000000000000000000000
000000000000000000000000000000
000000000000000000000000000000
000000000000000000000000000000
000000000000000000000000000000
000000000000000000000000000000
000000000000000000000000000000
6 0
1 1
033333300000000000000000000000
033333300000000000000000000000
043333300000000000000000000000
000000011100000000000000000000
000000011100000000000000000000
202200011100000000000000000000
222220002000000000000000000000
000022202200000000000000000000
000000222200000000000000000000
000000000000000000000000000000
000000000000000000000000000000
000000000000000000000000000000
000000000000000000000000000000
000000000000000000000000000000
000000000000000000000000000000
000000000000000000000000000000
000000000000000000000000000000
000000000000000000000000000000
000000000000000000000000000000
000000000000000000000000000000
5 0
2 1
033333300000000000000000000000
033333300000000000000000000000
443333300000000000000000000000
000000011100000000000000000000
200000011100000000000000000000
202200011100000000000000000000
222220002000000000000000000000
000022202200000000000000000000
000000222200000000000000000000
000000000000000000000000000000
000000000000000000000000000000
000000000000000000000000000000
000000000000000000000000000000
000000000000000000000000000000
000000000000000000000000000000
000000000000000000000000000000
000000000000000000000000000000
000000000000000000000000000000
000000000000000000000000000000
000000000000000000000000000000
4 0
2 0