2
1
222022222222222222222222222222
202000000000000000000000000002
202000000000000000000000000002
202000000000000000000000000002
202000000000000000000000000002
202000000000000000000000000002
211100000000000000000000000002
211100000444444444440000000002
211100000433333333340000000002
200000000433333333340000000002
200000000033333333340000000002
200000000033333333340000000002
200000000033333333340000000002
200000000033333333340000000002
200002222233333333340000000002
200222222233333333340000000002
200222200033333333340000000002
200222000044444444440000000002
222222000000000000000000000002
000022222222222222222222222222
0 4
17 10
222222222222222222222222222222
202000000000000000000000000002
202000000000000000000000000002
202000000000000000000000000002
202000000000000000000000000002
202000000000000000000000000002
211100000000000000000000000002
211100000444444444440000000002
211100000433333333340000000002
200000000433333333340000000002
200000000033333333340000000002
200000000033333333340000000002
200000000033333333340000000002
200000000033333333340000000002
200002222233333333340000000002
200222222233333333340000000002
200222200033333333340000000002
200222000444444444440000000002
222222000000000000000000000002
000022222222222222222222222222
0 3
17 9
222222222222222222222222222222
202200000000000000000000000002
202000000000000000000000000002
202000000000000000000000000002
202000000000000000000000000002
202000000000000000000000000002
211100000000000000000000000002
211100000444444444440000000002
211100000433333333340000000002
200000000433333333340000000002
200000000033333333340000000002
200000000033333333340000000002
200000000033333333340000000002
200000000033333333340000000002
200002222233333333340000000002
200222222233333333340000000002
200222200433333333340000000002
200222000444444444440000000002
222222000000000000000000000002
000022222222222222222222222222
1 3
16 9